0 8 8 8 8 8 8 8 8 8 8 8 8 8 8 8 8 8 8 8 
8 0 6 9 9 9 2 13 7 10 6 3 8 19 1 9 1 11 10 15 
8 6 0 8 9 13 2 13 7 7 6 11 8 15 1 14 1 12 10 7 
8 9 8 0 9 13 2 11 7 9 6 2 8 17 1 6 1 18 10 5 
8 9 9 9 0 9 9 9 9 9 9 1 9 9 9 9 9 9 9 9 
8 9 13 13 9 0 2 8 7 14 6 3 8 16 16 11 7 10 10 17 
8 2 2 2 9 2 0 5 7 2 6 7 2 12 2 2 2 18 10 2 
8 13 13 11 9 8 5 0 7 11 6 6 8 11 9 13 15 8 10 9 
8 7 7 7 9 7 7 7 0 7 6 6 7 10 7 7 7 7 7 7 
8 10 7 9 9 14 2 11 7 0 6 4 5 16 11 5 15 13 10 10 
8 6 6 6 9 6 6 6 6 6 0 4 6 6 6 6 6 6 6 6 
8 3 11 2 1 3 7 6 6 4 4 0 9 6 4 2 8 4 8 2 
8 8 8 8 9 8 2 8 7 5 6 9 0 18 8 10 8 13 10 8 
8 19 15 17 9 16 12 11 10 16 6 6 18 0 15 15 11 16 15 11 
8 1 1 1 9 16 2 9 7 11 6 4 8 15 0 15 1 14 10 1 
8 9 14 6 9 11 2 13 7 5 6 2 10 15 15 0 8 15 10 14 
8 1 1 1 9 7 2 15 7 15 6 8 8 11 1 8 0 11 10 1 
8 11 12 18 9 10 18 8 7 13 6 4 13 16 14 15 11 0 10 16 
8 10 10 10 9 10 10 10 7 10 6 8 10 15 10 10 10 10 0 10 
8 15 7 5 9 17 2 9 7 10 6 2 8 11 1 14 1 16 10 0 
