0 5 5 5 5 5 5 5 5 5 5 
5 0 6 1 4 11 2 5 7 8 10 
5 6 0 11 2 5 5 7 5 5 9 
5 1 11 0 12 16 16 14 17 10 8 
5 4 2 12 0 2 2 14 2 2 9 
5 11 5 16 2 0 14 12 4 10 9 
5 2 5 16 2 14 0 11 2 15 9 
5 5 7 14 14 12 11 0 6 14 6 
5 7 5 17 2 4 2 6 0 19 9 
5 8 5 10 2 10 15 14 19 0 9 
5 10 9 8 9 9 9 6 9 9 0 
