0 7 7 7 7 7 7 7 7 7 
7 0 7 8 6 17 3 11 11 9 
7 7 0 7 7 7 7 7 7 7 
7 8 7 0 8 4 7 14 8 12 
7 6 7 8 0 9 6 6 6 6 
7 17 7 4 9 0 18 17 19 12 
7 3 7 7 6 18 0 1 1 18 
7 11 7 14 6 17 1 0 9 17 
7 11 7 8 6 19 1 9 0 14 
7 9 7 12 6 12 18 17 14 0 
